----------------------------------------------
                 Case 0                    
----------------------------------------------
K:  39 M:   4 N:  4
A: 
     6     25     89     81     77     11    189     85    216    109    160    208      7     68     98     77    131    116    131     72     81    169     91    107    209     26    232    210    135    202    152    145     78    241    172    247    155    145    124 
   117     15    175    117    178    181    115     61     73    218     40    239    128    165    208    176    253    254    191    203     25    249    109    235    199    239    189    205    185    217    253    182    182     81    157    191    247    196     64 
    33    243    212     98    159     60     51    207    171     93    140    239    126    145    162    196     11     26    159    133    201    201    165     30    158    246    179    117    217     63     26     29    177    208    160    198    113     14     73 
    43    209    102     88    103    169     48    173    245     50    207    197    233     45    107     32     76      5     23     60     11     65    156    223    174     67     48     17    172    226    122     88    243     29    151    200    175    124    207 

B: 
    15     42     50     73 
   125     24      4     64 
    70    114    235    233 
   144    208     53    113 
    87     61    190     80 
   220     76     73    161 
   220    247     30    250 
   168    140    108    150 
    35    219    163    142 
     8    131      3     95 
   106     50    150    218 
    59    205    120    203 
   139     18     79    215 
     9     61     84    184 
   221     66    142     46 
   224     88     33     31 
    76     10     76     84 
    36    191    228     86 
   227    225    146     44 
   232     12    179     74 
   217    111    183     51 
   102    115     63     72 
   205     55     61     91 
   116    233     30    114 
   201    186    218    131 
   250    113     82    171 
    50     11     58    109 
   140     88     48    148 
    88     78     23    221 
   168    102    205    249 
   116    184    149    218 
   135    220    172    170 
   178     62    117    219 
    74    129     46    135 
    87    238    230    201 
   161    146    109     23 
    19     76    236    192 
   194    227    252     40 
   112     52    119    179 

C: 
594642 651782 603661 681490 
827382 797732 790952 880783 
698125 580547 584670 699932 
607398 552951 574293 715232 

----------------------------------------------
                 Case 1                    
----------------------------------------------
K:  78 M:   4 N:  4
A: 
   193     61    254     21     21    246     10     28    108    135    181    162     72    114     16     14     69    253     97     69     48    237     46    153    117    109    102    188    247     72     67     30    240     95    141    254    125    125    146     72    106    198     23    187     50    196    252    181    230    175    130     25    152     40    203      3    249    116      4    149    197    139      9    178    218    158     60    151     18    155    104    250     15    162    101     35     50     86 
    72     67    254     90    149    254    129    250     83    242     43    173    153    101     66    211    193    179     18    249    193    254     48    189    215     19     98    223    197    110    203      8    148    197    198    151    201    107    128     46     48     83     73    165    109    199    240    186    202    125    115    105    165    120    120     66     68    112     95    139    176     75    115    201    174     80    175     28     25     26    101     17     85    166    131    157     44    116 
   218     98    151    136    220    240    246     54     27     95     68    149    208     86    228     96     37     20    137    245     53     47     29     61     60      7    187    192    232     43    250    184     54    138    129     64    175    101    202    153     18     85     12     73     67    170     20    233    185    205     20    245     52      2     26     78    218    176    176    134    203     79    134     96    175    107    176    205    232     85     26     98    135     85    168    209     21    224 
    83     97     15    153    175    121    233    139     58     62    190    240      9    187    152     20     27     33    165     14    127    224      0     16    155    173      7    239    164     75    168    150     55    115    237    184     21    133    226     95     43     16    139    169    206    208    165      4     12    249     18     27     54    141     42    219     55    101    167    189     73    134     23    183    222     76    129    124    142    159     99     32    131     88     92     63     71    135 

B: 
    95    177    132     53 
    71     96    200     91 
    26    108     72     18 
    76     43    193    189 
     8    197    119    114 
   230    123    190     60 
   232     23    247    207 
   164      1    189    238 
   111     80    108     31 
    34     56      6    133 
    94    117     16    253 
    12    125      5    131 
    21     43     61    115 
   102    165    197      4 
    37     37     38    147 
   199     95    104    212 
   174      2    196    134 
   236     60      8    214 
   174    168    186     50 
   170     37    124    189 
   174     47     34    165 
   108    230     49     16 
    13      4      2    103 
   160    202    119    172 
   176    153     42    186 
   177    176      6     36 
   159     47    141    204 
   187    110      0     61 
    62    137    199     59 
   167    215    174    148 
   232    172     55    105 
    69    246     68     28 
   120    225     79    243 
   232     12     79    180 
   158    134     40    154 
   151    194    145    135 
   225    184      3    231 
   172     31    235    145 
   249     77    150     81 
   172    183    200    211 
   254    193    226    219 
     3    104    232    115 
   132     67    144    130 
     9    184     25    218 
   188    117      8     75 
   125     31     95    139 
   118    183    139    123 
   164    164    140     10 
   210    207     99     84 
   249    253    110    201 
    66    213     50    243 
    46    100    115    236 
   204    115    240     87 
   232    185    136     83 
   143    211     15    116 
     0    252    186    144 
   130     93     30    139 
    88    132    245     77 
   126     57    129     47 
   159    190    142    254 
   228     12    115    146 
   191    180    135     85 
   169     44    201      8 
   126    206    199    244 
   125     71    134    100 
    79    232    103     52 
    11    164    144    160 
   220    134     24      6 
    29    115    198    151 
   184     66    135    123 
    23    220     70     76 
   102    182     31     70 
   203     27    166     33 
    15    143    169     98 
    75    203      0    203 
    50    211     35    207 
   218     75     67     65 
    33     64    149    120 

C: 
1269724 1322193 993069 1170241 
1388852 1281869 1130443 1379864 
1248798 1187185 1134580 1223937 
1185858 1181677 1018655 1116712 

----------------------------------------------
                 Case 2                    
----------------------------------------------
K: 206 M:   4 N:  4
A: 
    56    132     31    252     95    207     90     58      0     47    178    119    160    231    173    185     23    106    207     27     14     51    223    165    176    238    250     26      9    217    209     66    179    213     53     15     10    209     50    194    222    199     44      7    252     72     87    115     41    221    226    120    235    180      1    101    195     48     20    219     17    180     59    108     80    187    129     44     17    123     99    228     61     96     53     33    143    163    163     20     11    115    122     14    227    202    101    240    127    108    212    203    129    146     20      0     89    217    127    164     88    100     58     23     10    172    216    188    101     35    234     60     75     97    131    219     88    153    130    171      0    253     54      0    171     98     37    153    242    178    251    102    145     23    248     63     58     88     94      2    234    191    104    217    197    209    241     84    120    249     12     70     94    217    206     57     78    169     47     77    201     14     21    252     98     84    172     34    156    113     58     43    200     22    192     68    175    136    169    128    239    165    105      7    159     37    183     91     87     59    219    169     45    145     91     14     25     71     37    108    157     13    220     74    195     20 
   206    254    254    238    250     58    226     23     15      9    166     70      9     10     66    196    169    235     42     43     56    189     96    175     43    152    104    118     84    248    103    245     46    225    244     42    245    130     74    105    190     43    149     39     29     47    114    146    140     51     53     31    125    198    140    253    107     77     29    233    155    234    167    235    202     10    186     95    151    181    100    237    130    219    126     94    118    213    211    228    141    135     54     74     99     50    253     22     28     92     59     96    113     58    238    233    203     35    241    247     38    109     54     46     90     96    122    143    221     18    214     79    136    102    122     34    251    193    157    220    223     53     62      6    220    235    165     14      0    122    138     74    101    250     34     20    123    117     52    212    219    137    247     77     89    224     16     74    182     77    162    222     65    192    229     70    108    173    184    221      5    107    201    202     82    219     32    113    206    200     18     27     30    149     91     26    178     55     16    220    222    242    206     30    166    136    129    169    139    135    200    116     70     12     45    232     83     46     75     44     66     78     45    198    201    203 
   109    105    113    158     30    230    165    174    141     62     70    189    139    114    210     56     88     57     41     31    170    131     83    122    202    175    168    122     10     27    158    123    184     91    141    101    203     71    124     46    139    175    250     11    216     53    115    238    201    126     92     10    133     81     29     10     11    207    178    248    178    108     84    198    193    135    249    117     87    214     60     39     34    154    111    239    191    175    186    244    120     52    154     18     60     98    201    112    234     20    218     66    156    215     30    137     52      0    134    178      3    169    252    129     93     82     63    175    187    235      6    211      5     23     97    128    154    212      9    177     76     81    223    146     95     28    188    223    157    202     60    105    212    161    199      1     19    131     11    202    175    217     41    235    166    160     72    119     19    201    167    221     83    122    143    236    177     37    110    182    246     32      2     13     10     33     65    228     25    168     19    230     49     67     47     45    119     19     90    200    187    101    152     63     67    210     99     39    211      9    183    250    130     35     19    127    113     82    217    155    100     44    233     98     29    112 
     8    239     25      3    172     31    208     72    149     93     93     38    118    106    223    146    189     61    251    125    167    135    239    152     37    206     82    254     25     36    236     78    133    244    247    211    177     71    254     76    112     87    222    143    207    174    141    197    221     28     92    136    245     99    124      6    179    101     35    160    141    226     50     56    206     92    114    243    134    137    156    144    190    248    194    160    146    135    156     84    242    240     61     28    189      2    175    214     39    127    149    204     66    254     50    103    199    113    155    228    212    108    104    227    105     24     59    211    200    144    201    232    200     83    221    169    241    214     10    211     12    222    124     19    172    213     55    206      8      8     27    174     49    112    158     51    102    161     34     39    103    189    182    185      4    254    135     94    127     52     82     85     48    147    117     49    196     92    197    176    173    162    145    251     47    175     23    176     68    190    142    144    167    194     24    117     63    210     33    211    210    157    246    165      9     34    147    227    140    249      9     49    101     81    102     94    225     76     84    186    245    195     47    236     38    213 

B: 
   102     44     31     79 
   249    245     55     87 
   158     91    113    172 
   126    206    167     10 
   203    167     33    133 
   202    179    224    204 
   109    222     28    101 
   178     11    115    199 
     9    243    208     40 
    50     77     17     15 
    27     40    101     88 
   240    244     56    201 
   200    205    251    176 
   205    224     36     20 
    56    120     62     19 
   180    218    150    244 
    39    189    207     81 
   104     97    230    249 
    94     65     95    186 
   134    172    195     15 
    65    119    168    230 
    37    216     91    236 
   246    171     86    102 
   250    160    217     98 
   106    214    180    103 
   236    119    130     36 
    22     97     67    130 
   136    123     17      1 
    28    127    252    249 
    59    232    172     17 
   232      2     16    218 
   190     44    235    116 
   102    159    198     94 
   158    153    211    106 
   192    114    117     70 
    51    101     82    131 
   149    104    190    102 
    54    245     36     93 
   252     40    124    132 
   177     75    226    252 
   111     67    141     36 
   216    182     35    191 
    59    209    179     64 
   147     42    193    218 
    72    166     56    164 
    99    178     18    170 
   231    227     69     43 
    32    126    107    235 
     1    130    130     64 
    54     25    139     50 
     9     11     88    174 
   244    212     31    167 
    85     83     20     47 
   228    122     96    163 
    69     21    234     87 
    47     76    101    142 
   159    136      4      1 
     4    101     90     58 
   110     41     84     92 
   237    104    196      7 
   165    176    233     46 
    39    190     85    149 
    66     75      4    156 
    17    102    248    114 
    32    229     31     62 
    95    209    118     83 
   184      0     34    213 
   220     32    253    177 
   107    121     48     28 
   220    159    111     92 
    16     53    195     47 
    93    215     68    198 
    99    149    208    245 
   230    111    136    165 
   119     34     47      3 
     0      7    237    204 
    15    203    111    148 
    71    137    241     76 
   253    195    167    191 
   128    148    144     85 
   212    238    100     70 
   117    244    123    174 
    80     27    154     87 
   221     51    234    142 
    13    247    213    248 
   138    245    152    191 
    48    210     76     56 
    91     97    158    151 
   168    209    180    254 
   203    100    199    123 
    29    201     77    196 
   181    157    219     83 
   144     21    112     47 
    86     46    155    237 
   176    129    148    199 
    16    199    210     75 
   214     80    251      0 
   199     17    100     92 
   129    138    210    228 
    16    239    144      8 
    12    141    226     91 
    87    246    236     45 
   202    226    215    146 
    22    253    119    197 
   240     58    172    251 
    20     78     85     56 
   191    105     77     58 
    92    193    171    141 
   147    254    106     13 
   217    153     94     72 
     2    176    243    106 
   192     95    239     66 
    47     72    251     65 
   115     42     64    104 
    34    141     76     78 
   114      3    246    211 
    42     75     76    223 
   111    135    216    109 
    11     87    234    130 
   250     11    179     56 
   170     42    173    178 
   187    106    244     30 
    21     15    109    188 
   127    156    253     88 
   217      6     41    102 
   109    216     31    233 
    24    243    180    209 
   217     22      1      4 
    39    163    174     72 
    13     21    228     49 
    49    222    178     46 
   165    234     86      2 
   224    184    192    238 
   196     38     35     22 
    79     71     22    243 
   217    187    174    121 
   165     22    104    120 
   238    217     21     30 
    81    109     44     76 
   176    161    167    231 
    36    191     72    117 
   182    244     35    142 
   226      8    202    220 
   126     83    211     51 
    20     20    126    132 
    55    248    129    223 
   232    138     35     83 
    61    183    208      4 
   236    185    169    175 
   136    201    136     58 
   118    250    218     91 
    25    149    105    142 
   135     43     76     20 
   252    236     79    170 
    72    215      7     99 
   223     22     29    242 
   192    121     38    106 
   112    191     57    124 
   141    101    201    226 
    78    179    188    232 
   130     21    174    220 
    52    188    101    142 
   145    247    231    101 
    43    249     43     58 
    89    134    156    246 
   146    184    145      6 
   166     19    220     36 
    88    111    162     53 
    29     62    189    219 
   166    225    177      6 
    23      9    164    180 
   119    152    248    246 
   244    250     31    202 
    90     73     29    231 
   250    112     91    246 
    74    231    144    188 
   239     29     94    164 
    19      4     77    138 
   118     20    172     38 
   100    191     65     45 
    62    192    114    205 
    68    219     88     82 
   171    254    233    131 
    63    202    115      0 
    41     72     25    131 
    52    142     84    126 
    41     38     98    148 
   107     83     50    167 
    98    219    134    129 
   239    243     58    235 
    28     29     31    163 
   164    117     93     91 
    65    100    106    235 
   216    245    115     89 
    60      8     82    236 
    77    142     70    248 
   174    146    201    187 
   230    242    215    165 
    56     27    211     40 
    98    250    242    234 
    26      7     18    232 
    10    223    169    100 
   182     22    117     14 
   124    193    139     43 
    42    150    139    142 
    73    115    212     49 

C: 
2999510 3339600 3063009 3017208 
3133053 3692852 3439343 3240600 
3006852 3384020 3318469 3073947 
3403486 3918817 3585189 3438441 

----------------------------------------------
                 Case 3                    
----------------------------------------------
K:  58 M:   4 N:  4
A: 
   135    205    128     55    232    194    163     40     95     65    188     47     55     46    242    104    100     38    170    185    251    245    144    121     98    122     23    136    107    187    231      8    246    157    218     65     87     76     65     97    236    109    151    115    219     44    249    201     43     97    116     49    176     10     72    202    112      0 
   107     16    178    246    150     52    173    160     35     96    118    244    228    122    105     41     57     45    147    225    100    213    205    250    112     99     96    160    170     34     98    235      1    246     53    200    126    108     82    243     91     96    236     37    200    125    159    155    135    174     42    118    225    145    231    140     82    252 
   173    184    152     16    226    158     92    234     48    171    231     88     36    248     79    202    170     55    102    253     90     64    155    166    185    254     69    183     61    180     29     94    156     96     46    224    239    210    200     45    173    209    155      8     21    203     83     63      3     15    236     86    215    252    142     23    250    180 
    53    177     17     55     23    254    122     25     52     48     69    163    250    226    207    196    213     21     65    209     85     22    147    204    163    220    177     46    253    152    170    235     14    151     68     89    163      1    114    164    228    218      6    186    221     49    223    228     25     16     91    182    176    149    209     93    170     14 

B: 
    22    103    138    124 
   123     58    222    157 
   121    158    113     53 
    82     25     30    155 
    63     66    104    198 
   223     96    188     77 
    90    234    157      7 
   177     83    218    211 
   123     86    148    110 
    73     49     35    163 
    13      0     61    153 
   204      6    121    177 
   191    224     80     34 
   103    106    194    167 
   132     61    254     31 
   212     72    119     39 
    75     94    125    185 
    21     79    160    105 
   121    162     13    245 
   112    104    128    194 
   231    175    217     27 
    45     14    115    107 
     0    219    186    192 
   100    164    169     36 
   208     55     83    168 
    92    252    235    211 
   236    142    110     57 
     1    102      9     14 
   109     24     86     80 
    32    237    111    191 
   205    163     28     68 
   245    144    164     21 
   191    242    105     12 
    44    161    219    149 
    46    217    151    193 
    65    115     98    192 
     5    194    144    112 
     5    149      9     54 
    57    138     24    187 
     7    166     67     23 
   145    138     36    207 
    67     87     41    239 
    32    254    233     92 
   213     53    248     41 
   228     77     35    232 
   197    151    153    120 
   142    133    192    241 
    14    142    230    174 
    31    134     92     77 
    59     62    152     71 
    49    128    129     78 
    55     23     93      0 
    43     11    235     74 
   181     20    102    217 
   147    127      2    160 
   158     40    243     26 
    42    184      4    174 
   213    228    193    116 

C: 
773321 903005 984619 908941 
846799 959542 1016795 969736 
798210 979400 991615 1078681 
911831 888971 987647 952785 

----------------------------------------------
                 Case 4                    
----------------------------------------------
K: 247 M:   4 N:  4
A: 
    81    224    136    228    230     65    170     33    214    185    119    167     81    240     58     68     21    141    152     91     97    196     31    125    172     62    185    112    134    216    223     59    201     56    202     61     53     17     57    200    160    222     75     32     36    200    248    254      9     86    145     90     80    190    138     24    232     49     25    164     43    228    217    210     74      4     88    245    139    184     41    129    211     79    228    168    128    146     45    112    155    253    131    102     19    115    196     16    103    181     90     93    110    122     99     63     86    133     68    164    101      3    114    220     18    157    139    232    138    103    179     96    230    250    123     90    230      4    101     47    250    102    141    116    164    111    218    248    224    100    228    206     22    233     44    168    213    163    188     88    173     85      3     73    124    218    157     50      1      7    246     32     82    173    228    180      2    190    201    151    253    104     22    187     62      0    101      8    171     69    151     77     90     41      8    236    117    138    207    161     11    188    174    166     80     33     81     54    168     93    210    145     69    142     14     85    166     17    131    196    184    188     18      5    134    233    176    182    134    172    235    216    185    238    118    197     61      2      7    192     46     65     94    181    129    118     19    156    112    101     57    209    254    206    123     25     68    165    163    235    215    132    213     86    222     57    226 
   234    251    214    134     38     57    247    190     98     39    220    101    153    197     20    104     53    123     73    100    181     33     60    170    126     81    235    181     92    124     89    132     13     20    158     42      4     47    192     98    177     12     19     93     56    243    141     35     43     55    234    211     48    123    176      6     26    175     99     50    139    201     83    242     79    220    201    110    168    114     73     34     86    201    122    187     37    253     39    244    234    189    181     82    108    196    204    196     16    112    199    148     83     22     46    153    193    229    137      2     11     47    253     97     65    104     20    153     59    186    120      4    119    123     86     83    142    144    160    203    108    122     35    121    184     20    249    193    132     29    239     92    176     95     31     64    204    171      8     56     59    185    150    149    108     88     77    220     47    140     50     57    173    106     82     38     98     63     42    152    214     50    131    247      4    124     87    217     87    101     52    207     50    193    152    244     86      7     63    190    162    139     68    105    245    186     24    234     68     76    119      0    149    184    204      5    230     88    120    242    204     59    141     61    181    159     67    168     94      0     22    238    142     46    139     24    236    251    220    158    105    248    155    208    147     82    108     20    158    130     85     88    217     84     70    155    187    245    168    186    220    125    137      5    158     53    132 
   202    177     23     66     29    116    127     79    103    110    248    254     37     99    115    212    141    234    193    188    194    173    175     28     66    181    201    206    165    205    161     73     10     93     86     65    234    149    199    174    102      5     22     17     54    122    235    165    175    254    165    140     34    222    174    241     35      5    156    157      6     79    111    108    184    149    242    112    135    225     66      4    145     18     12     46     50     33     89     87     53    216    143     61     69     20     81    122     27     16    126     29    133    182    230    134     21     15    240     74    117    101    170    171     12     55    181    129    219    235     81     87     10    127    189     28     39    234    234      3    249    220    240     68    212     53    245      7    127    228     56     60    120    204     32     14    244     40    153     74    117    166    192    138    194    122     34     14    217     56    210     83     55    176    248    120    132    233     21     95     62     80    215     31     71    209    138      8     13     80    243    152     14     36    234     60    104    128    239    106     30     48    155    251    126     59    235    219    193     88     86    246    124    247    231    241     27    196     22    233    247     10    192    167    189    101     55    149    141    136    137     72    232     19     88     73    152     61     58    241     11     88    130    223    129    207    125     18     49     63     31     73    107    196    200    188    126      6    129    215    142    203    173    100     55    189     74 
   145    118     32    228     68     14    146      0    176    217    218    144     98    194     98    166     23     50      6     52    117     85    132    133    216    190    239    232     57    234     31    204    238    204    157    232     88    107     91      2    148     58    162    163     76    244    101    148    121     36     75    156     44    136    170    140    137     16     53      8      4     31    148    113    163    215    160     90     27    180    200     94    202     33     54    252     66    226     40    215     63    236     52    161    212    111    170    235    243    202    174     14    158     60     10    157    209    224    133    190     42     76    136     75      0    225     99     78    221    118    185    229     24    171    124    155     89     22     82    104    174      4    179    231    219    106      4     74    137    251    182    196    106    227    168    237    108      2    248      7     75    137    188    181     93    201    168     55     82    184     78    156     61    202    109    206    183     79      6     98    146    182     76      0     36    143    147      2    171     32     90     55    216     32    246     72    170    119    204     67      5     13     54     61     84    254    181    188    131     63     85    173    219    183    224     25     28    159    141    166    154    189    189     95     88     91    123     50     60    155    158    165    202     74     45    168      7    121    101    201    169     44    193     92    212    223    231     25    181    209    240    127    106    249     82     25     66    215    185     28    132    123    203     43    191    123    167 

B: 
   214     78    134     30 
   110    129    163    148 
     3    115    175     60 
   207    112     11    190 
   225     38    250    168 
   248     52    191    238 
    83    204    131    194 
   219     45     10    232 
     7     78     97     81 
    49    103    186     39 
   133     12     55    191 
   206    150    212    254 
    65    162    102    150 
   116    245    184    129 
    87    168    111     66 
   247    216    239    205 
    78    111    131      4 
   226     40     89    143 
   233    118    181    183 
    82    226     63    191 
    69     95     46     51 
   104     54    250     20 
   128    121    114    155 
   113    133    120     66 
    24     83     21     94 
   134     38     61    127 
   150    116     20     62 
    27    138    170      1 
    86      8    249    198 
     4     36     65     44 
   164     47     22    226 
   192    207    135    212 
   132    139    138     64 
    87    186    228     50 
   164    204     41    221 
   251    220    154    130 
   162    121     96     97 
    25    135     82     83 
    87    110      3    173 
   127    242     41    199 
   137    227     10     60 
   104     97    174    206 
   139     54     22     11 
   143     81     62    120 
    44    187    167     21 
   216    189    233     10 
   106    238    250    241 
   156    121     90    185 
   163     65    190    106 
   210    226    104     26 
   149     89     57     24 
   239     31     96     77 
     5    221    226     97 
   131    124    223    187 
    29    175    152    133 
   234     29    187     36 
   222     97    116    210 
   152    106     25    240 
    80    161    104    174 
    99    101    191    158 
    19    100    162     23 
    42    154      1     96 
   138    205    167     81 
    36     61    220    204 
    29     16    234     83 
   245    184    210    222 
   182     16    210    146 
   217     39    131    222 
   230    149    122    138 
   198     96     42     55 
   205     26    232    232 
   192     61    125     82 
     0     92     88    135 
   143    150     40    202 
     7    173    164    225 
    46     82    229    172 
   127    188    105    161 
    20    154    194    198 
   154     79    116     14 
   152    115    195    133 
   239    180      6    187 
   254    232     15    187 
    29      1    165     93 
    99    211    152    234 
   226    238    164    251 
   137    163    128    203 
   174    112     69    110 
    97     79    224    239 
   104    145     30    139 
    89    136    218     76 
   195    171    129    204 
   168    219    107     44 
   235      1    203    245 
    86    236    244    184 
   101    103     43    231 
    57    120     76    196 
    17     35     52    191 
    41    236     84    179 
   207    150    251    196 
   149    101    165    220 
   208    247    107    179 
    25     45    187    179 
    68     90     85     59 
    87     86    173    249 
   107    169     81    193 
   235     16    116     47 
   189     59    128    206 
   157    253    162    138 
    68     88    127    192 
    56    100    211     60 
    77    118     11     81 
    72      9    154     87 
   182     16    206     22 
   125    176     79    214 
    55    106    168    173 
    39     67    235     91 
    35    171    102    241 
    74    206    130    125 
    53      0     90    120 
    93    126     59    156 
   130    143    171    133 
   140    223    185    252 
   128    253    242    254 
   119    213    153    134 
   229    140    204     27 
   151    177     57    132 
   203    101      9     46 
   202    189    185     93 
   175    238    242     71 
   191    239    245    139 
    83    105     21    171 
    49    195    179    135 
   121    109    119    209 
     6    169    103    194 
   169     88    131     41 
   148    240    245    119 
   188     35     16     84 
    64    156    168      7 
   110    141    125    177 
   219    241    103     29 
   230     39    137     17 
   138    121    117    126 
    76    140    242    229 
   203    192     67    161 
   121    164    117    209 
   123     90    129     13 
   174    240    150    149 
    61    144    151     87 
   161    142     49    212 
    99    191     16    243 
    12    169    110    223 
   116     93     20     65 
    67     59    252    201 
   231    198     33    231 
   113    240    112     24 
   172     64      2     86 
    82    123    200     47 
   248     31     24     87 
   199     50    116    131 
    54    131     17    200 
   186    174    215     95 
   218     20      3    231 
    68    231    230    244 
   168    195    197    219 
    27     44    246    197 
   178     13    210     82 
   202    155    124    229 
    65    244    103    179 
   113     29    197    234 
     2    233     94    237 
    63    202    202     72 
    18    162    184     75 
   179     55    117     72 
   212     90     42     38 
    72    137    108    244 
   170    115     91     36 
     8    184    135    111 
   140     97    140    141 
    52     25    166    238 
    26     24     45     47 
    93    104    193     16 
    51    250     26     42 
   196    251    176     47 
    85    218    145    113 
   233    200    109    199 
   163     15    142    130 
    82     41    180    143 
   169     35    127    119 
    50    203    127    146 
   130    152     73    192 
    97      2    216    163 
   140    253    225    192 
   207    252      6     73 
   190     31    195    231 
   185    220     96     15 
   122     42    219    175 
   115     14     69     65 
   185    184      9     88 
   240    240    241    155 
    26     99    126    172 
   123     42    133    145 
   120    222    212     63 
    61     54     68     10 
   204    208    182    221 
   168     80    100    163 
   173    229     56    201 
   123     10    224     99 
    88    234    160    148 
   136     30    198    118 
    44    216     96    211 
   239      7     37    109 
    44      3    191     60 
    66    150    140     35 
   120     56     13    103 
   100     22     48    186 
   119    201    245     40 
   144    232    233     24 
   214    240    168     83 
   194     22    214     51 
    12    213     30    169 
     2     71    133     58 
   119    211    214    190 
   101    177    108     53 
   138    248    251    211 
   178     33    236    163 
   239    245    249     91 
   129    151    148    224 
   153    111    116    228 
   192    214     72    168 
   181     60     73    111 
    10    146    184    201 
    57    251    177     80 
   179    109    164     25 
    66     44     17     14 
    23     68    164     31 
   151    167    174    169 
   143    188     13    245 
   150     68    233    159 
     2     94    236    134 
    84     34    202    236 
   169     69    128    130 
   232     40    164    254 
     9    232    182    148 
   134    151     72    138 
    71      6    194    160 
    37     62    100    215 
   222      3     92    205 

C: 
3966022 4050586 4210533 4322522 
3797822 3907080 3951796 4099242 
3918404 3922691 4155402 4278777 
3954546 3985333 4256181 4273956 

----------------------------------------------
                 Case 5                    
----------------------------------------------
K:  40 M:   4 N:  4
A: 
   240    218    171    189    126    132    181    159    226    177     14     92     56     44    164    189    199    216    215      4    182    188    250    214    153    193    121    253    165    172     84    189    102    185     78    100     34     67     81     88 
    99     65    254    112    147     55     87     86    172    109    175     43    203      2     13    231    197     36    114    120    222    124    170     21    163    243    217    155     92    230    202    154    240     97    151     15     80     81     96    149 
   242     14    188    156     75     64     84     21     22    126     98     41     54     67     74      5    129     97    178     82    169    213     97     38     98    197    145    170    245    199    130     41     48     14    128    198    177    108    103    233 
   148     99    123    164    100     40    130    218     47     85     84    181     23     69     77    133    223     53    124     78    188    218    218     47    130     32     62    247    117    183     99     31    134    102     25      7    213     31    138     78 

B: 
    92     80     57     56 
   219     33    212    100 
   194    132    220    202 
   240    232     72    226 
   110    182     31      9 
   110    184    179     25 
    55    241     28      8 
    94     16    153     93 
   202    155     61    128 
    74    166     88    251 
   234    209    110     68 
    93    162    215     76 
   221     27     74     58 
    60    198    161      1 
   221    103     48     23 
    61    190    200    189 
   218    109    235    207 
   230    178     46    121 
   188    180    120    209 
   138    140      2    131 
   247     57     49    188 
   187     40    138     63 
   130     36     90    123 
   178    125     61     81 
    10     96    126     79 
   214    102     83    192 
   234     40     83    182 
   108     52    104     88 
   118    120     32    218 
   159    142    118    220 
   172    196    100     27 
   183     98    239    103 
    73    233     33    201 
    53    196    225     75 
    84    201     10    141 
    87    177    156    254 
     5    227     48    215 
   226     74     25    235 
    57    189    241    108 
     6     56     62    252 

C: 
867027 742407 669014 777909 
770596 673893 564314 746579 
641040 589510 444986 693888 
596213 577775 519141 595442 

----------------------------------------------
                 Case 6                    
----------------------------------------------
K:  81 M:   4 N:  4
A: 
    82     34    145     59    245    156    220     13     52     36    221     13     91     13    208     35    120     92    129     86    103    113    223      8    171    212     51    121     12    243     86    200    193     74      0     56     26     18    202      8     74    151    143    182     10    103    213     62    167    252     58    107    152    180    142     69     64    234    198     14     56      8     54    227    213    122    152    117     83    111    169    129    167      3     67      3     58     95    212     95    204 
   153     58    251    113    214    233    120    180     54    196     93    207    109     42     62     51    248    161    136    245     10     18     77    180     49    102     96    110      3     68    184     24     45    168    111    232     87    154    182     76      2    141    127    223     31     79    248    223    122    229    130    198    245    176    107    204      9     95    156    123    251    125    196    119    111     30     78     55    225    197    246    170    206     81    117    144    157    168    131     69    172 
   173     10    122    209    231    229    244     48     84      9    153    206     98    233    157    185     71     73    156      0    238    242     35    133    125    170    213    104    162     17     42    249    176      9    214    133    184    153    170    203     92     45    217    161     42     85     96    115     92    169    154    147     83    124    113    178    192    155     26    221    248     13    254    222    182    195    113    123    187    118     11    162    177    208    147     94    107    169    252    149    152 
   200    155    239     26    108    101    172    120    219    133    198    196     85    254    160     72     40     37    122     46     16    110    104    137     97    172    116     79     93    181     31    252    207    196     20     28     55     59     53    133     79     34     93    237    237    120    163    207     18    182    141     70    119    175    139    167    227    178    191     29    144    127    153     98    147    242    201    103    148     41    113     89     82     68      7    188    109    105    225    183    230 

B: 
   131    121     23    154 
   179    107     99    254 
    43     15     51      2 
   250    231    128     22 
   131    199    226    245 
   120    114    104    187 
   194    226    249     85 
   153     18    125     51 
   108    219    171    245 
    81    201     89    122 
   241    231     25    228 
    21    184     99    157 
   207    205    222    188 
    92     63     92    135 
   143      0    110     61 
    65      6     70     64 
   111    136    179     86 
   233    126    217    173 
   186     78     62     88 
    99     75    177     19 
   238    179    188    111 
   126     85    109    128 
    61    182    106    112 
    20     41    105     88 
   142     71     41     93 
   183    238      1    164 
    47     71     89     29 
   180    155    241    187 
    42     48    245     49 
    79    125    241    201 
   175    250    248    132 
    63    248     26     15 
    60     96      7    115 
    66    226    218     23 
    85    197    213     69 
    47    112     54    220 
    84     65    242     43 
   168     36     78     23 
   237    237    192     61 
    48     16     55     49 
    27     11     44     20 
   195     69     61     18 
    55     20    144     64 
   217     39    136    198 
     3    173    107     65 
   131    144     80    216 
   190    155     48    231 
   139    124    226     19 
    47    207    197     89 
   132    197    110     24 
    23     62    241     78 
    28     40     35    172 
   245     53    228    160 
    61      9     25    160 
   239     26     92      0 
   251     64    166     87 
   210     54    204    165 
   169    245    245    205 
   111    129    211      5 
   148    252    101    126 
   156     40     90     92 
   121     98     90    225 
   220    165    151    161 
   187    223    100    174 
    68    244    178    226 
    87     19    213     56 
    68     35     72    120 
   135     69    132     14 
   220    146     32     65 
    38    189    216     97 
   159    146    167      0 
    90    113      1    228 
   111     70    222    180 
    59      7     30     91 
    66     92    200    133 
    24     46     71    195 
    91     73    189     95 
   250    151     28    246 
   171    192    195    166 
   208    163    118    105 
   129     35    134     40 

C: 
1248516 1210568 1204160 1099099 
1419105 1303433 1426732 1258782 
1485363 1369341 1443945 1324839 
1295604 1212744 1293880 1219588 

----------------------------------------------
                 Case 7                    
----------------------------------------------
K: 173 M:   4 N:  4
A: 
    17     99     12    149     42    212      9     41    106    243    117    208    152     35    233     77    163    130    159    206    174    181     80    251    237    179    119    183    254    206    195    240    227     82     61    100    236     93    187     72    249    251    184    120    207      9    202     28     95    254    122     76     49    204    188     42    240    198    171    106    100    237     98     69     12    180    167    136    239    183    182    210    129    191     22     62    141    240    184    166    190     52    148    116    252    141    172    167    229     31     45     43     98     85     84    119    180     38    155     52     10    103    122    205    228    130    197    222    155     42     79    125    152    196    221    112    117      4    113    194     81    111     59     71    223     89    252    135     18    160     33    184     61     32    113     26     96    134    230    250    166    118     59    200    226    154    220     70    118     15    245    186     25    171    156    191    134     73    204     66    114     92    157     39    212     55     93     68    191     24    166     78    245 
   218    246     62     67    239    181     42    107     93     55    230     36    247    186    117    183    221    213    147     21    159     44     41    195      8     51    218     23     85    190    238     16    205    221    248     37      6    187     35     54    115     34     74    199    217     21    150     59      4     13      1      6    224    121    197    186    253     76    133    158    206    109    225    120     38    157     52     13    213    117    184    213    146     83    117    143     71    227     63     35    131     16    100    231    168     61     49     43     36    139     25     35    117    117    178    234     16    229    253     11    146    145     89    201    122     82    166    158    171    126    200     83      7      9    248     55     85     24      7    110     95     87      9     78    224     44     80    211    238    141     54     91    103    118     47      4    249    254    167     76    208     74    241    178    240    243    138    170    117     30     25    212     24     77     97    146    250     10    191    116    240     29     93     45     25     97    172     99     43    126    205    247    195 
   154     50     41     32    197     24    228     63    202     89     95     12     93     38    173    106    242    248    156    169    232    164    211    105    163     16    170     91     58    156     54    156    219    144    172    164    186    150     39    195      4    248     88     91      6    109    128    249     89    208    221    170    247     82    118    159    148    127     79    141    168    239    144    174    205    210     92    118     59     33    139    139    102     24    135     54    108    210     90    239    200    116    119    121    231    251    159    196      9    240     47    100      4    120    176    169     20     62    152    148     15     89    103    203     50    226      5     80     77    243     59    200    101    198    254     10     10    108     71    109     87    137     90     79     56     31      4      5     75    216    233    104    235    196    220    187    146     54     78      9    253    247     75     81     16    225    226    154     87    202    145     95     82    229    179    235    210    106    223    227     31    140    115    117    188     45      6    174     18    209    144    206     80 
   112    125    161     47    133    128    146     92    144     11    121     37      1    141     93    198    233     46    144     39     52    139    206    160    143    134     76     17    162    200    115    227     78    130    219    173     92     68     41    155     27    233     92    197    213    160    124    223    231    167    250    189    122    213     58     39     78     33     58     72     43     50    236     27    253    235    183    161    159     36     83     45     31    158    190    139     66    232     23      6    147    193     65    254    224    151    108    199    231    239    151    131    175    254    233     31     12    241     29    219    112     43    130    160    248     48    103    246     26      9     18     23    244    193      1     88     41    161    175     85     79    190     55    163    124     34     66    191     47      2    198    197    112    104    112    178     37     25    141    140    251     39    202    191    214    212    199    181    191    119     96     29      7    221    101     23    208     91     19    225    217    200    249    182    145    100    163     59    129     22     80    178     92 

B: 
   147    187      9    157 
   163    191    169      9 
   191    249     83     80 
   101    247    208     22 
   189     21    230     52 
    86     62    148    248 
   239    148    125     54 
   232    175     24     80 
   100    237     43      6 
   230     25    212     74 
    31    100     72     79 
   185    129    148     72 
   125    226    134    129 
   187     12     24    208 
   232    237     83     79 
    48     73    138     62 
    41     61    127     33 
   242    239    210     46 
    82      4    245    164 
   186     53    119    117 
   179     82     87     63 
   141    214    151     15 
     0     36     62    177 
    54    200     38    128 
    69    190     25    158 
   133    222    128     49 
   222    246     67    186 
    19     53    253     98 
    56     25    184     28 
   218     17     44    190 
    49     73    236     73 
    55    230    103    142 
   114    230     66     61 
   158     51      8    155 
    36    124     81    101 
    34    224    231    137 
   195    206    179    158 
   239    242     41    172 
    23     62     95    235 
    88     71    200    236 
    27    218    123    189 
   113     18     17     77 
   249    169     22    210 
   188    137    217    115 
    81    238     84    202 
   153    128     79    160 
   173      5     31    180 
    73    249    174     47 
    27    127    224    236 
   162     13     85    158 
    63     65    170     33 
     5    126     55    136 
     5     97     12    215 
    51     18     12      6 
   131    120    171     33 
    12    165    238     26 
   216    183     15     13 
    18    221     53    134 
   156     38    148    113 
   200    107    215     43 
    22     89    137     36 
    51    117     33      8 
    68    154    233    120 
    45     29    174    228 
   120    249      9    105 
   237    149     49    164 
   216    128    198    213 
   145    101     33    244 
   211    119     10    243 
    15    227     29    217 
    16    249     45     48 
     6     36     24      8 
   105     31      6    162 
   181    181     21    188 
   106    116    247    109 
   141    146     81     90 
   162    226    185     28 
    19      3     10    186 
   234    192     57    225 
    35    117     66     10 
   155     40    215    110 
   189    105    132     27 
    43    223    164     80 
    39    211     15    124 
   115     35    228     16 
    89     20    189    242 
   176     56      7    190 
   146    231    194     17 
    88    226     88    219 
   161    177    236    184 
    78    235     87     87 
   189     49    147    104 
    69    185    229    173 
     8    195    245     71 
   147    194     94     69 
    58    170    215     91 
     5      6    111    248 
   234     62    249    247 
    75    191    103    117 
    17     37    164    142 
    88     73    243      5 
    43    248    193      2 
     0    130     64     52 
    82    199     66    128 
   240     78    225    115 
    30    208     10    252 
   121    123     62    232 
   240     14      3     91 
   107     61    243    193 
   114    173     82    159 
   235    148     14     23 
   162    209    137    167 
   174    170     22      7 
    48    126     74    235 
   223    171     64     18 
    62    157    214    216 
     5    108    146     67 
     1    181    102    199 
    29    248    254    245 
     6    188     15    207 
   199      8     50     44 
   193    220     26     13 
   143     64      3    196 
    30    150     43     56 
   140     12     23     15 
   191    178     32    217 
   216     44     31    155 
    30    215    184     52 
    49     21    108     42 
   146    229     96    216 
   151    242    111     95 
   106    240     54     42 
    71    133    230     55 
   214    157    150    224 
    18    217    106     14 
    28    108     59    108 
   215    113    206    236 
   154    168     63    101 
   195    227     17    141 
   185    109    102    137 
   146    110     86    178 
   136    117     41     69 
    42    136    157     73 
   133     41    245    227 
   211     91     17    243 
     2    167    228     63 
    35    197     81    173 
    42    246    114    159 
   118    179     48    184 
    46     26    199     73 
   110     47     62    191 
   108     43    232     41 
    31     84     85    126 
    10    239     61      2 
   112     58     40    220 
    17    102    114     76 
    58    214    103    210 
   224     13    159     59 
   174    116     20     19 
    20    113    189    163 
   148    145    106     21 
   164     33     38     81 
   160    196    226     63 
    10    190    248     51 
   198     96    124    160 
    55     70     47     32 
    57     43     78    180 
   203    120    251    133 
   237    102    194     31 
    78     53    193     86 
    24     24     75     81 
   211     72    163    120 
   242    241    187    124 

C: 
2786240 3058063 2520042 2818479 
2474315 2782575 2420150 2393929 
2488321 2992081 2576324 2538471 
2461702 2950102 2589159 2639684 

----------------------------------------------
                 Case 8                    
----------------------------------------------
K:  91 M:   4 N:  4
A: 
    77    240    240    238    242    112    221     54    103    236    191    146     14    107    217    163    242     94    159     29    251     90    228    184    147     54     40     59     58     45     18     18    206      4     84    149     62     55    132     81     77     84    116     79    137     79    221    136    241      1    218     13      5      5     85      8    139     44    236      6    223    229    148     93      2    128     25     55    185    243    224    233    129     71    124     88    249    160     52     48    200    204    250    131    153    204     72    183     66     76    122 
    50    115    100     66     22    199     77    104     39    129    161    142    131     89    117    201    205    228     35    129      3    235     32    104    133     83      4    126     63    174     22    134     83     72    151    103    148     32     89    139     47    163    110     13    155    143    163     62     57    166     93     32     81      7    195    222     65    113     85     64     62     88    159    137    208     98     87    208    222     71     29     44    113     36     55    152     33    242     95    248    128    241     23     75     35     31    196    212    213    182     81 
   247    161      1    132     23     52    202    236    210     66      5    180     85     34     38     61    114     89      1    247    103    137    194    218     48    160     79     60     97     75     48     90     94    100    238     57    248    228    107     75    151    252     14     41    111    154     55    148    159     72     94    113    180    123    189    195    110     14     22    101     48    106    250     87    148     48    193     87    186    121    121    166     96     85    220    187    174     62    120    233    177     30    164     33    209    203     85     50    134     44     93 
    54    208     29     53     17     78     91    143     36    111    200     45     85    170     76    110    177    217    114    227    140    196    136    129    253    176      3    210    134    116    230    139     83    228     72    191    228    189    223     51     62    202    243     88    191    183     44    181     61    125    160    115     37     47     84    126     21    132     19     69     18     67     29    146      3     24    252     69     48    103     27     53    225    242    108    173    135     71     52     78     69    172     86    143     22     73    189    154    202     36      9 

B: 
   105     94    213    218 
   219    143     91    248 
   169    124    199    156 
    82     96     33    167 
   100    173    158    144 
    70     83    224     79 
    73    184    195    187 
   231    143     38    172 
    66    181    127    180 
    34      1     86    225 
   104    247     76    191 
    24    200    244    207 
   172     29    135    200 
   153     75     41    114 
   246    169    213     82 
   192     55     60    240 
    22     45     41     99 
   180     48    116     33 
   202     71    164     65 
    15     51    253    253 
    35    161    169    157 
   137    217     16    105 
    47    215    250    107 
   178    229     59     17 
    25      5     22     60 
   177     71    137    204 
   188    190      5     77 
   171    225     22    167 
    13    227    227    227 
     9     60    117    138 
   244    244     66     15 
    55    153     19    102 
   143    128    195     69 
    59    184    182    229 
    80    153    159     67 
    66     80    179    112 
   100      0     18    118 
   209    234    193    245 
    46    120    150     57 
    58    200    178      7 
   158     60    238    191 
    89     76     52    229 
    65     29     79     30 
    52    108     83     80 
    19    195     74    103 
    30    123    160    114 
   100    231    106    175 
   244    140     84     69 
    24      7     46    133 
    76    188    218    138 
   113    175    214    138 
    13     12    193     77 
    70    150    178     37 
    84    110    208     88 
    85     83     52      8 
    34      5     83    171 
   168    129    126    252 
    98      9    217    175 
   236    138     28    118 
   244     94     74    174 
   231    254    161     90 
   241     88    117     69 
   183      1    212    245 
    68     10    246    232 
    22    136    237    123 
    36    138    218    234 
   166    175    180    188 
   146    138    207    150 
   215    245     55     82 
   171    246    164     76 
   140      9    118    173 
   116    198     87     39 
    45     87    237     59 
   136    123     71     38 
   204     53     94    156 
   222    135     31     56 
   241    235     39      2 
   212     50     57     52 
   166    216     85    150 
   169    100     78    195 
    84    136    164    173 
    88    162    145     32 
   182    232    160     12 
    97    228     17    137 
    37    139     18      6 
   244     68     98    206 
    33    253    112     29 
    44    210    125    148 
   205      4     68    133 
    86    184    149    252 
   165     73     19     71 

C: 
1436436 1542042 1382034 1401910 
1150020 1239028 1218966 1309595 
1324383 1374798 1358986 1465830 
1225291 1339005 1263222 1327948 

----------------------------------------------
                 Case 9                    
----------------------------------------------
K: 116 M:   4 N:  4
A: 
    74    162      6     59     32    205    180    209    121     48    164    118    102    140    244     12     17    114     65     72     26    137     47    181    153    241      9    119    232    149     56    175    159    182     52    137    116     17     55    225    217    216    105    160    248    133     37    107    193    127    103      0     54     27    138     73    165    203      1     70    160    250    246     88    143     94    254    121     28     88    188    122     37    118    237     57    250    122    102     66    106    226    111    113    191    217     72     21     35    127    134    212    165     36    113    234     86    181    167    122    218     73     87    252      3      4    231    111     75    194    146     34     77    170    152    206 
   125    211     40    110     30      1     29     47    157    121     39    209    193    236     16    156     66     36     44    149     27     29     54    181    131     15     74    177     55    111    171    174     84     52    199     78     20    186    132     61    114    122    199     17    196    122     39    181     82    127    254     43    209    230     71    193    189    247    147     28     30     43    137     83    115     15     47     25    170    218    109    224    253     98     68    205    224     43    241    252    167     75     93    209     21     37    108    224    223    201    171    225      3    129    205      1    224    231    119    234     47     16    181    113     46    250    157    253    245    188    195    165    113    199      4     52 
   225    223     83     92     11     62     22     58    116    221     89    205    162    217    156    169    243    177     28     21    125    116     19    149     71    105    225     39    182    130    102    189    189     43     77    141    117    182    129     52    149    148     71    240    129    113     70    193    112    207    202     72    186     90    190    155    171    223     46    118     85    168    113    120     71    112    209      1    224     96     54    113     22     79    138      0     36    113    210    129    119    111    211    201    199    172     37     21    129    168     10    209    112    111     62    252    125    241     35     85    222    154    130    147    145    207     84    246      9     47    129    113    114     27    221    176 
   204     18    252     91    199    254    111    194    238    222    151    239      0    145    112    139    116     86      8    163     37     88    211     79    235    233    249    112    214    110      3      4    167    206    111    186     67    233    227    251     80    207     82    176    170     99    128    253    208    149     28    164    158     20     80     91    118    187    212     62    110    181    113    253    180     69     83    124    160     33    222     14    188    209    191    142     21     42    211    186     21    126     80    132     27    206    248     13    231    107    153     61    151    210    140    228    125    215    254    153    232    225     23    186    163    138    157     17    171    160     94    110    100    156     21    147 

B: 
   235    108    226    174 
    89     29    179    223 
    58    250    212    126 
   113    244     25     46 
   180     53    210      3 
    13     71     86    147 
    22    197    178    132 
   179     52    216     19 
   129      7     55     31 
   193    136    212    226 
   144    135    134     27 
   139    241     52     28 
   117    143     23     73 
   216    110    124    247 
    42     14    156    247 
   214      5     29     54 
   135    119    150     47 
    84    163    183      0 
    74     34    176     80 
   153     43    227    170 
   108    250     87     55 
   195     97    218    221 
   113     25     84    251 
    38    118     17    183 
   217     13    204     44 
    97    192    142    153 
   206     32     20    194 
    51     19    177     70 
   244     90    206    113 
    56    141    227    124 
   247     93     59     17 
    62     82     25    233 
    93    103    196    233 
    73    131     56    196 
    94    173     10    124 
    46    119    213     13 
   199     14    223    246 
   150     18    236    199 
   124    217     99    172 
   175    232    210    253 
     3     32    110    251 
    69    237     29    136 
    94    102    178    194 
    30    106     52     72 
   146     65     31     18 
   127    213    166    172 
   103    195     25     62 
   200    131    221     13 
    80    115     48    167 
   206    102    220    147 
    20     13    127    244 
   160    246    228     17 
   155    171    136    127 
   123     43    141     30 
   248     86     74    127 
    53    237    240     16 
   227     41    227     86 
   105     95    151    139 
    78     49    214    140 
   139    119    223     69 
    58     85    182     54 
   215    247    214    175 
   176     63     84     94 
   203    165    242    228 
    62    171     79     57 
    14    151    108    215 
    37     49    144      0 
    61     68     29     27 
    29    180     99    231 
   236    209     47    179 
   231     81     34    127 
   171     16     36    251 
    17    187    229    181 
   136    122    221     71 
   207    232    171     17 
   152     56     82    170 
    91    216    192    135 
   234    156     48    122 
    73     14      5    221 
   126    204    190    198 
   182    193    206    252 
    34     36    114    224 
    57    111     43     96 
    31     58    122    134 
    27     71    247     72 
   149    175      6    134 
   160    183     97      1 
   200    191     75    109 
   114    148     81     88 
   224     61     34     69 
   203     68     76    167 
   100    170     12    235 
   111     18    182    199 
   155    175    106    199 
   122    145    166    171 
   117    179    241    241 
    84    136    147     30 
   222     72    235     22 
    98    123      0    127 
   141     84    182    165 
   178    117    190     19 
   153    239     16      8 
    65     71    162    184 
   195     41     62     35 
   113    133      9    205 
    96     39    133    181 
   123    162     66    192 
   110    222     88     43 
   161    182    251    103 
   146    249    205    164 
   101    252    124    166 
    11    242    111    192 
    39    226    155    194 
   181     47    207    199 
    13    149      0    173 
   136    254     84    107 

C: 
1774463 1756087 1880300 1906828 
1854859 1771600 1860110 1973919 
1826485 1806623 1877521 1945762 
2132062 2063789 2203294 2079914 

